Some((
    red: 0.9989616,
    green: 0.9989616,
    blue: 0.9989616,
))